249
651
721
386
430
495
855
315
585
225
922
1255
840
1220
299
428
293
1450
283068
33644
217853
110250
153976
10665
11025
25403
397
151894
1542
1725267
317
8596
311
11172
317
8231
10768
717594
676
3640
1317
249
1613
1826
9891
23220
7782
265
520
512
12405
3213
10279
89316
321
235
231
276
222
240
1187
793
231
224
200
929
313
245
1157
230
963
209
626
253
2477
234
313
1174
223
239
206
406
202
1009
1042
210
1013
251
1066
7370
279
280
256
911
246
273
5644
2329314
204518
316356
155787
152796
20494
12275
