1167657141 160
1167657550 0
1167658201 0
1167658922 180
1167659488 104
1167660022 20
1167660537 0
1167661392 0
1167661707 135
1167662427 0
1167662652 50
1167663624 8
1167664887 60
1167665787 195
1167667202 146
1167667647 60
1167668135 62
1167668490 0
1167669940 14
1167953022 0
1167986666 0
1168204519 0
1168314769 0
1168468745 733
1168480143 0
1168491168 0
1168516571 0
1168516968 0
1168668862 0
1168670404 0
1170395671 520
1170396508 101
1170405205 0
1170405516 100
1170416788 0
1170417105 101
1170425437 0
1170436205 0
1171153799 3
1171154478 0
1171158118 65
1171159500 2
1171159751 191
1171161555 0
1171163381 0
1171173272 0
1171196492 68
1171204342 7
1171204614 12
1171205146 0
1171205658 0
1171218063 11
1171221287 693
1171232259 167
1171321742 15474
1171337537 19424
1171357196 1310
1171358737 0
1171359013 1965
1171361200 0
1171361440 2498
1171365125 8465
1171374383 1552
1171376166 942
1171377332 2684
1171380216 2988
1171384133 125
1171384571 305
1171385121 7680
1171393958 7862
1171402050 688
1171403701 2046
1171405956 6280
1171412862 0
1171413115 1737
1171417329 1043
1171418606 1694
1171420613 1373
1171423160 807
1171424190 707
1171425136 1642
1171426984 532
1171427922 349
1171428473 2473
1171431955 9014
1171442011 3734
1171445955 5080
1171452048 2440
1171454739 6195
1171462000 3261
1171472631 1395
1171474305 145
1171474730 710
1171475696 1731
1171478338 4069
1171482653 441
1171483367 1026
1171490037 0
1173819351 0
1174023869 0
1174340225 0
1174496012 0
1174648808 0
1174669302 66
